-8.054623603820800781e-01 1.151768025010824203e-03
5.203628540039062500e-01 9.025956392288208008e-01
0.000000000000000000e+00 0.000000000000000000e+00
9.754274487495422363e-01 1.380357891321182251e-02
-1.932121962308883667e-01 1.323485016822814941e+00
0.000000000000000000e+00 0.000000000000000000e+00
-4.705375730991363525e-01 9.269449710845947266e-01
0.000000000000000000e+00 0.000000000000000000e+00
0.000000000000000000e+00 0.000000000000000000e+00
0.000000000000000000e+00 0.000000000000000000e+00
0.000000000000000000e+00 0.000000000000000000e+00
0.000000000000000000e+00 0.000000000000000000e+00
0.000000000000000000e+00 0.000000000000000000e+00
0.000000000000000000e+00 0.000000000000000000e+00
