-3.020807504653930664e-01 7.003422379493713379e-01
0.000000000000000000e+00 0.000000000000000000e+00
0.000000000000000000e+00 0.000000000000000000e+00
0.000000000000000000e+00 0.000000000000000000e+00
0.000000000000000000e+00 0.000000000000000000e+00
3.875834047794342041e-01 1.077929377555847168e+00
0.000000000000000000e+00 0.000000000000000000e+00
8.633624315261840820e-01 3.172953426837921143e-01
-5.318508148193359375e-01 5.639732480049133301e-01
-8.081030845642089844e-01 0.000000000000000000e+00
-6.452953815460205078e-01 4.698805212974548340e-01
0.000000000000000000e+00 0.000000000000000000e+00
7.462677359580993652e-01 8.524587750434875488e-01
0.000000000000000000e+00 0.000000000000000000e+00
0.000000000000000000e+00 0.000000000000000000e+00
0.000000000000000000e+00 0.000000000000000000e+00
0.000000000000000000e+00 0.000000000000000000e+00
0.000000000000000000e+00 0.000000000000000000e+00
0.000000000000000000e+00 0.000000000000000000e+00
0.000000000000000000e+00 0.000000000000000000e+00
