1.322003602981567383e+00 0.000000000000000000e+00
0.000000000000000000e+00 0.000000000000000000e+00
-3.261723089963197708e-03 -8.408946394920349121e-01
6.445627212524414062e-01 -4.877306222915649414e-01
0.000000000000000000e+00 0.000000000000000000e+00
1.214465200901031494e-01 -9.681253433227539062e-01
1.495392322540283203e+00 0.000000000000000000e+00
-4.249116182327270508e-01 -5.648478269577026367e-01
-4.718740284442901611e-01 -5.422596931457519531e-01
0.000000000000000000e+00 0.000000000000000000e+00
0.000000000000000000e+00 0.000000000000000000e+00
0.000000000000000000e+00 0.000000000000000000e+00
0.000000000000000000e+00 0.000000000000000000e+00
0.000000000000000000e+00 0.000000000000000000e+00
0.000000000000000000e+00 0.000000000000000000e+00
0.000000000000000000e+00 0.000000000000000000e+00
0.000000000000000000e+00 0.000000000000000000e+00
