8.973231315612792969e-01 -1.802562624216079712e-01
8.903927803039550781e-01 -1.342263724654912949e-02
9.653527736663818359e-01 -1.881854385137557983e-01
-7.642413377761840820e-01 -3.692385852336883545e-01
6.315581202507019043e-01 -5.122015476226806641e-01
2.753081917762756348e-01 -8.985337615013122559e-01
8.355176448822021484e-01 -2.351408302783966064e-01
5.918024182319641113e-01 -7.365855574607849121e-01
-9.251845628023147583e-02 -8.625541329383850098e-01
-4.930206835269927979e-01 -7.376616001129150391e-01
1.964241499081254005e-03 -1.267790317535400391e+00
-3.387117981910705566e-01 -1.325702905654907227e+00
9.382321238517761230e-01 1.466557830572128296e-01
6.683289408683776855e-01 -9.633651375770568848e-01
1.087881326675415039e+00 -3.534663617610931396e-01
