5.453113913536071777e-01 7.928862571716308594e-01
-7.517014741897583008e-01 1.625053584575653076e-01
-1.650259643793106079e-01 1.347180366516113281e+00
4.318291544914245605e-01 1.354534149169921875e+00
0.000000000000000000e+00 0.000000000000000000e+00
0.000000000000000000e+00 0.000000000000000000e+00
0.000000000000000000e+00 0.000000000000000000e+00
0.000000000000000000e+00 0.000000000000000000e+00
0.000000000000000000e+00 0.000000000000000000e+00
0.000000000000000000e+00 0.000000000000000000e+00
0.000000000000000000e+00 0.000000000000000000e+00
0.000000000000000000e+00 0.000000000000000000e+00
