-7.797188162803649902e-01 6.034187078475952148e-01
8.595529794692993164e-01 0.000000000000000000e+00
8.559894561767578125e-01 0.000000000000000000e+00
2.769603431224822998e-01 1.125034332275390625e+00
5.980951245874166489e-03 1.158664345741271973e+00
7.751776576042175293e-01 0.000000000000000000e+00
0.000000000000000000e+00 1.331233768723905087e-03
3.882009685039520264e-01 6.669793725013732910e-01
-3.589046597480773926e-01 1.000204205513000488e+00
6.108076572418212891e-01 1.216660141944885254e-01
-5.997430533170700073e-02 1.259172797203063965e+00
-4.139224588871002197e-01 1.013123512268066406e+00
-6.123467162251472473e-02 1.257850170135498047e+00
-3.631177842617034912e-01 9.955149292945861816e-01
0.000000000000000000e+00 0.000000000000000000e+00
4.966674447059631348e-01 5.916403532028198242e-01
7.577280402183532715e-01 2.532192766666412354e-01
-3.290086090564727783e-01 1.031566500663757324e+00
-6.935924291610717773e-01 7.028697133064270020e-01
0.000000000000000000e+00 -1.418652245774865150e-03
2.739539146423339844e-01 9.179503321647644043e-01
2.532038390636444092e-01 6.180654168128967285e-01
9.690877795219421387e-01 4.308968037366867065e-02
-5.083349943161010742e-01 8.734851479530334473e-01
-3.455036282539367676e-01 8.911818265914916992e-01
-5.503767132759094238e-01 8.293398618698120117e-01
6.782606244087219238e-01 3.794887661933898926e-01
-6.109259650111198425e-02 1.251007080078125000e+00
1.642471998929977417e-01 9.643711447715759277e-01
-6.122841835021972656e-01 7.747793197631835938e-01
-4.697622954845428467e-01 9.559450745582580566e-01
-7.247057557106018066e-01 6.731054186820983887e-01
5.976140499114990234e-01 5.097168087959289551e-01
-5.368514060974121094e-01 8.441012501716613770e-01
-7.173418998718261719e-01 6.809464693069458008e-01
6.625805497169494629e-01 4.276104867458343506e-01
7.540494203567504883e-01 2.452080696821212769e-01
4.247296154499053955e-01 8.009119033813476562e-01
-4.422260522842407227e-01 9.848235249519348145e-01
6.653425097465515137e-01 8.562547564506530762e-01
-5.545527338981628418e-01 8.248711228370666504e-01
7.674888372421264648e-01 3.426718115806579590e-01
-7.933865785598754883e-01 5.797194242477416992e-01
-7.105615139007568359e-01 6.977186203002929688e-01
1.105369417928159237e-03 -1.720845233649015427e-03
-6.771005392074584961e-01 7.194464802742004395e-01
6.465606093406677246e-01 1.500859260559082031e-01
1.666894368827342987e-02 1.117138862609863281e+00
7.045227289199829102e-01 9.465567469596862793e-01
7.254099249839782715e-01 2.484837779775261879e-03
8.978234529495239258e-01 0.000000000000000000e+00
-3.950978815555572510e-01 8.463661074638366699e-01
9.625084400177001953e-01 3.284282516688108444e-03
5.158139467239379883e-01 0.000000000000000000e+00
-6.655315160751342773e-01 7.459803819656372070e-01
6.471224427223205566e-01 3.587207989767193794e-03
-7.227081805467605591e-02 1.272587537765502930e+00
6.833100318908691406e-01 9.023585915565490723e-01
7.218828797340393066e-01 6.240804791450500488e-01
8.319578766822814941e-01 3.158147912472486496e-03
-6.262292861938476562e-01 8.078232407569885254e-01
6.770349144935607910e-01 7.814488410949707031e-01
5.571311339735984802e-02 1.082354426383972168e+00
0.000000000000000000e+00 1.046491321176290512e-03
9.101448059082031250e-01 2.357113175094127655e-03
-2.597357928752899170e-01 1.167140722274780273e+00
7.848967313766479492e-01 3.881405889987945557e-01
-3.101271390914916992e-01 1.043948411941528320e+00
-3.537004888057708740e-01 1.004404783248901367e+00
1.869564950466156006e-01 6.890720129013061523e-01
-3.388872146606445312e-01 1.058192849159240723e+00
2.830613255500793457e-01 8.370655179023742676e-01
-6.501587033271789551e-01 7.425057888031005859e-01
-2.470057904720306396e-01 1.107355237007141113e+00
2.654304802417755127e-01 6.937264800071716309e-01
4.207342267036437988e-01 5.450534820556640625e-01
9.005315303802490234e-01 1.744130700826644897e-01
1.813624501228332520e-01 6.800646781921386719e-01
5.989837646484375000e-01 2.513943016529083252e-01
-5.252629518508911133e-01 8.507601618766784668e-01
9.216089844703674316e-01 5.186251364648342133e-03
-1.148191280663013458e-03 -1.842741621658205986e-03
1.696844547986984253e-01 1.030407786369323730e+00
-4.925856292247772217e-01 9.103004932403564453e-01
1.357654575258493423e-03 -2.020924817770719528e-03
8.782519102096557617e-01 1.488609313964843750e-01
7.010749578475952148e-01 5.446273088455200195e-01
3.170691132545471191e-01 8.305653333663940430e-01
-5.533528327941894531e-01 8.257510662078857422e-01
3.014108836650848389e-01 9.320498704910278320e-01
6.666430830955505371e-01 8.200075626373291016e-01
3.182131797075271606e-02 1.126983404159545898e+00
0.000000000000000000e+00 1.160897374153137207e+00
-5.601959228515625000e-01 8.196209669113159180e-01
-6.478847265243530273e-01 7.425465583801269531e-01
6.752878427505493164e-01 0.000000000000000000e+00
2.203246802091598511e-01 9.042018055915832520e-01
-2.001851564273238182e-03 -1.862304867245256901e-03
3.113466501235961914e-01 7.543461322784423828e-01
-6.148585081100463867e-01 7.734254598617553711e-01
-2.300623357295989990e-01 1.032500505447387695e+00
1.787087917327880859e-01 9.652831554412841797e-01
-4.288802146911621094e-01 9.609919190406799316e-01
0.000000000000000000e+00 1.718499930575489998e-03
-6.829136610031127930e-01 7.171452045440673828e-01
-2.616795301437377930e-01 1.093657612800598145e+00
7.940164208412170410e-02 1.148097872734069824e+00
9.122780561447143555e-01 -1.984038390219211578e-03
5.248429775238037109e-01 4.841656684875488281e-01
-6.439978480339050293e-01 8.043015599250793457e-01
7.858109474182128906e-01 2.114763483405113220e-03
7.355234026908874512e-01 5.014076828956604004e-01
-4.934408068656921387e-01 8.810297250747680664e-01
-5.115606784820556641e-01 8.682262897491455078e-01
7.090330719947814941e-01 4.857943952083587646e-01
-7.414436340332031250e-01 6.524009704589843750e-01
-7.213907837867736816e-01 7.127016186714172363e-01
0.000000000000000000e+00 0.000000000000000000e+00
-7.067453861236572266e-01 6.886920332908630371e-01
-2.315421821549534798e-03 3.371081082150340080e-03
8.867400288581848145e-01 0.000000000000000000e+00
-4.504159688949584961e-01 9.195916652679443359e-01
8.002112060785293579e-02 1.079523444175720215e+00
8.996834158897399902e-01 1.246871659532189369e-03
8.830233216285705566e-01 2.353861182928085327e-01
7.215535044670104980e-01 2.965075969696044922e-01
-4.355370700359344482e-01 9.306941032409667969e-01
2.744137048721313477e-01 8.160543441772460938e-01
7.749170660972595215e-01 2.181055024266242981e-03
6.950194835662841797e-01 2.993048168718814850e-03
-2.977831661701202393e-02 1.231177806854248047e+00
-4.057185947895050049e-01 9.646853804588317871e-01
-7.807831168174743652e-01 6.384459137916564941e-01
-4.742806851863861084e-01 9.150209426879882812e-01
3.812620341777801514e-01 9.816548228263854980e-01
6.114667654037475586e-01 5.812295079231262207e-01
6.346164345741271973e-01 2.910678042098879814e-03
8.262909650802612305e-01 0.000000000000000000e+00
-3.249745815992355347e-02 1.202308058738708496e+00
2.150315344333648682e-01 9.614893198013305664e-01
-4.775229990482330322e-01 8.968755602836608887e-01
-5.633988380432128906e-01 8.167783617973327637e-01
-6.067113280296325684e-01 7.804624438285827637e-01
8.066943883895874023e-01 1.155930687673389912e-03
2.426026165485382080e-01 9.287550449371337891e-01
-5.562885999679565430e-01 8.230619430541992188e-01
9.115325212478637695e-01 1.963606802746653557e-03
7.956299185752868652e-01 0.000000000000000000e+00
7.490211129188537598e-01 5.528213977813720703e-01
3.739621937274932861e-01 9.759239554405212402e-01
7.347104549407958984e-01 5.931954979896545410e-01
-7.383770942687988281e-01 6.747675538063049316e-01
7.213958501815795898e-01 2.214158624410629272e-01
-4.386305809020996094e-01 9.285691380500793457e-01
8.877675533294677734e-01 0.000000000000000000e+00
9.210761785507202148e-01 -2.096302807331085205e-03
7.275630831718444824e-01 2.017792612314224243e-01
7.248090505599975586e-01 2.185380458831787109e-01
0.000000000000000000e+00 -1.298412680625915527e-03
1.650208681821823120e-01 6.583957076072692871e-01
9.142009019851684570e-01 2.288978081196546555e-03
7.587504386901855469e-01 3.398556113243103027e-01
6.943836808204650879e-01 7.062451243400573730e-01
5.086281895637512207e-01 7.067300081253051758e-01
-4.138994216918945312e-01 9.525672197341918945e-01
-4.601181745529174805e-01 9.118446707725524902e-01
8.642435669898986816e-01 0.000000000000000000e+00
-7.648560404777526855e-01 6.202598810195922852e-01
0.000000000000000000e+00 1.151238203048706055e+00
0.000000000000000000e+00 0.000000000000000000e+00
7.043297886848449707e-01 3.619646131992340088e-01
-6.231518983840942383e-01 7.670210599899291992e-01
8.987630605697631836e-01 0.000000000000000000e+00
6.655339598655700684e-01 1.947972225025296211e-03
2.881872057914733887e-01 8.538426756858825684e-01
5.526121258735656738e-01 5.967127680778503418e-01
-5.517814755439758301e-01 8.270974755287170410e-01
8.013075590133666992e-01 0.000000000000000000e+00
1.183789456263184547e-03 2.324161352589726448e-03
-5.802407860755920410e-01 8.020092844963073730e-01
8.826588392257690430e-01 1.724835336208343506e-01
-4.584747850894927979e-01 9.133341908454895020e-01
-6.435700654983520508e-01 7.693148851394653320e-01
2.201708257198333740e-01 5.345867276191711426e-01
-6.018724441528320312e-01 7.836678028106689453e-01
6.116616129875183105e-01 1.132389530539512634e-03
5.921001434326171875e-01 4.685322940349578857e-01
1.198160811327397823e-03 0.000000000000000000e+00
6.534885764122009277e-01 1.532622613012790680e-03
4.044273197650909424e-01 7.063596844673156738e-01
-3.166312575340270996e-01 1.047742843627929688e+00
-5.303951501846313477e-01 8.595530390739440918e-01
4.931295514106750488e-01 3.556538820266723633e-01
8.372076749801635742e-01 5.419178679585456848e-02
4.124940633773803711e-01 6.170338392257690430e-01
2.105860970914363861e-03 0.000000000000000000e+00
-2.217164188623428345e-01 1.135746955871582031e+00
-3.449728488922119141e-01 1.013012886047363281e+00
-6.076844930648803711e-01 7.803903818130493164e-01
2.225925913080573082e-03 1.784437568858265877e-03
6.805981993675231934e-01 0.000000000000000000e+00
6.743642687797546387e-01 7.750194072723388672e-01
-2.302408963441848755e-01 1.059792160987854004e+00
2.700154781341552734e-01 9.349527359008789062e-01
6.800454258918762207e-01 7.535429000854492188e-01
-3.483250439167022705e-01 1.027439713478088379e+00
7.134125232696533203e-01 0.000000000000000000e+00
2.461077570915222168e-01 6.729298830032348633e-01
-5.196434259414672852e-01 8.614055514335632324e-01
6.681787371635437012e-01 8.688960671424865723e-01
9.148798584938049316e-01 1.171488091349601746e-01
9.770525693893432617e-01 0.000000000000000000e+00
-2.765866369009017944e-02 1.229047417640686035e+00
4.952335730195045471e-02 1.090334653854370117e+00
8.203687667846679688e-01 1.359933754429221153e-03
-4.201887249946594238e-01 9.444672465324401855e-01
1.889401464723050594e-03 2.508513629436492920e-03
-5.072361230850219727e-01 8.686552047729492188e-01
6.272907853126525879e-01 4.333754181861877441e-01
1.942206323146820068e-01 5.190123915672302246e-01
9.151116609573364258e-01 2.063140738755464554e-03
2.307431250810623169e-01 5.273909568786621094e-01
6.476984024047851562e-01 -1.799716730602085590e-03
0.000000000000000000e+00 0.000000000000000000e+00
-4.995072484016418457e-01 8.744342327117919922e-01
6.909572482109069824e-01 2.684724628925323486e-01
6.959292292594909668e-01 7.011888027191162109e-01
-1.807381212711334229e-01 1.180086612701416016e+00
1.081930845975875854e-01 1.018636465072631836e+00
-1.091976091265678406e-02 1.201610445976257324e+00
7.224007248878479004e-01 6.779790855944156647e-03
7.246338129043579102e-01 6.274368762969970703e-01
-6.536049842834472656e-01 7.475700974464416504e-01
3.914282917976379395e-01 7.617478966712951660e-01
-2.260450422763824463e-01 1.126952767372131348e+00
0.000000000000000000e+00 2.966935979202389717e-03
7.207276225090026855e-01 1.297260634601116180e-03
-7.783425599336624146e-02 1.272573113441467285e+00
3.212350979447364807e-02 1.127922534942626953e+00
-4.906303882598876953e-01 8.819908499717712402e-01
5.790215134620666504e-01 -1.612535445019602776e-03
5.977559685707092285e-01 2.897952497005462646e-01
7.492858767509460449e-01 4.504401981830596924e-01
-9.961666166782379150e-02 1.296406269073486328e+00
4.785458371043205261e-02 1.110921144485473633e+00
-2.798016369342803955e-01 9.512606263160705566e-01
7.557311654090881348e-01 2.038489431142807007e-01
7.898538708686828613e-01 1.518626115284860134e-03
0.000000000000000000e+00 -1.151384087279438972e-03
8.229690790176391602e-01 0.000000000000000000e+00
-3.018444478511810303e-01 9.159555435180664062e-01
0.000000000000000000e+00 1.157845020294189453e+00
-5.734791755676269531e-01 8.112338185310363770e-01
-2.210784554481506348e-01 1.178601503372192383e+00
8.218932747840881348e-01 3.068090677261352539e-01
-6.984692215919494629e-01 6.996057629585266113e-01
-6.081227064132690430e-01 7.891989350318908691e-01
-4.918891489505767822e-01 8.845445513725280762e-01
-8.672275394201278687e-02 1.281957387924194336e+00
-4.432924687862396240e-01 8.023206591606140137e-01
-5.893546342849731445e-01 7.947099804878234863e-01
-3.495987653732299805e-01 1.050622105598449707e+00
3.420338332653045654e-01 7.332476377487182617e-01
6.163577437400817871e-01 4.784024655818939209e-01
6.123408079147338867e-01 3.322238326072692871e-01
5.988987088203430176e-01 0.000000000000000000e+00
-5.650811195373535156e-01 8.180175423622131348e-01
2.151077687740325928e-01 9.523390531539916992e-01
-5.791659951210021973e-01 8.610157966613769531e-01
1.570797711610794067e-01 9.943217635154724121e-01
5.574845671653747559e-01 5.486094951629638672e-01
6.697207689285278320e-01 0.000000000000000000e+00
7.543936967849731445e-01 1.556513714604079723e-03
9.824163317680358887e-01 1.020733034238219261e-03
-4.872607886791229248e-01 8.870681524276733398e-01
-3.818984627723693848e-01 9.940279722213745117e-01
-6.755741834640502930e-01 7.188989520072937012e-01
-3.993281424045562744e-01 9.660073518753051758e-01
-2.275458574295043945e-01 1.180430412292480469e+00
8.690842390060424805e-01 1.109878569841384888e-01
8.997394442558288574e-01 0.000000000000000000e+00
6.778981685638427734e-01 5.447512269020080566e-01
2.253291606903076172e-01 9.720612168312072754e-01
9.016494154930114746e-01 1.966016888618469238e-01
7.459344267845153809e-01 5.055235624313354492e-01
5.109702423214912415e-02 1.106905817985534668e+00
-5.788858532905578613e-01 8.071884512901306152e-01
-7.147846221923828125e-01 6.803768277168273926e-01
6.703257560729980469e-01 8.180350661277770996e-01
9.623261690139770508e-01 0.000000000000000000e+00
8.166746497154235840e-01 1.940609216690063477e-01
2.180906385183334351e-01 5.269372463226318359e-01
2.746852338314056396e-01 5.975493192672729492e-01
-4.660551249980926514e-01 9.612489938735961914e-01
8.957115411758422852e-01 3.394479397684335709e-03
3.873909711837768555e-01 5.259360671043395996e-01
-8.366435766220092773e-01 4.912479519844055176e-01
-4.675952345132827759e-02 1.240180730819702148e+00
4.845988005399703979e-02 1.123057126998901367e+00
-7.616656273603439331e-02 1.273320436477661133e+00
0.000000000000000000e+00 0.000000000000000000e+00
-5.756107568740844727e-01 8.096788525581359863e-01
0.000000000000000000e+00 1.190799236297607422e+00
2.670623064041137695e-01 9.008407592773437500e-01
-6.989307403564453125e-01 7.129915356636047363e-01
6.811826229095458984e-01 5.655333995819091797e-01
6.731690168380737305e-01 8.960425853729248047e-01
-5.663649439811706543e-01 7.123221755027770996e-01
8.098580837249755859e-01 0.000000000000000000e+00
7.700824141502380371e-01 4.537938237190246582e-01
8.350436091423034668e-01 0.000000000000000000e+00
-3.733171522617340088e-01 9.874020814895629883e-01
7.322927117347717285e-01 1.571228494867682457e-03
-4.925684928894042969e-01 7.634117603302001953e-01
9.427868127822875977e-01 0.000000000000000000e+00
-6.586502194404602051e-01 7.540397644042968750e-01
-6.493701338768005371e-01 7.520601153373718262e-01
7.150568366050720215e-01 3.662572503089904785e-01
5.945096015930175781e-01 3.344565033912658691e-01
-3.999481908977031708e-03 1.180786728858947754e+00
-5.278381109237670898e-01 8.499646782875061035e-01
-5.027947425842285156e-01 8.727912306785583496e-01
5.026429891586303711e-01 6.613276004791259766e-01
-5.665171146392822266e-01 8.152859807014465332e-01
7.331092357635498047e-01 2.233893126249313354e-01
-5.552684664726257324e-01 8.451213240623474121e-01
-7.268924713134765625e-01 7.738181948661804199e-01
-3.398287110030651093e-03 3.964953590184450150e-03
-7.354926317930221558e-02 1.272591590881347656e+00
2.553657591342926025e-01 6.850018501281738281e-01
-5.923945903778076172e-01 8.104853630065917969e-01
-6.494865417480468750e-01 7.411953806877136230e-01
8.233761787414550781e-01 0.000000000000000000e+00
-4.726433157920837402e-01 8.979127407073974609e-01
1.857938012108206749e-03 0.000000000000000000e+00
-2.550832331180572510e-01 1.102854847908020020e+00
-1.733019761741161346e-02 1.186281442642211914e+00
2.823502421379089355e-01 6.008316278457641602e-01
-6.585891246795654297e-01 7.914606928825378418e-01
2.387291043996810913e-01 7.215234637260437012e-01
0.000000000000000000e+00 1.164300680160522461e+00
2.350302636623382568e-01 9.275266528129577637e-01
-5.450797080993652344e-01 8.361361622810363770e-01
-6.134423613548278809e-01 7.734313011169433594e-01
-2.693006396293640137e-01 1.083154678344726562e+00
3.338768184185028076e-01 6.739306449890136719e-01
4.746944308280944824e-01 5.610402226448059082e-01
-2.422252669930458069e-03 0.000000000000000000e+00
8.004989624023437500e-01 3.695561289787292480e-01
-1.170986564829945564e-03 1.670616446062922478e-03
6.651531457901000977e-01 8.510166406631469727e-01
6.704047918319702148e-01 8.860117793083190918e-01
8.395270705223083496e-01 2.374095376580953598e-03
7.654056549072265625e-01 0.000000000000000000e+00
8.224692344665527344e-01 1.373275518417358398e-01
7.072002291679382324e-01 2.707060277462005615e-01
-3.882752358913421631e-01 9.889645576477050781e-01
3.485593795776367188e-01 8.246580362319946289e-01
8.716751635074615479e-02 1.113885045051574707e+00
-7.499445080757141113e-01 6.446409225463867188e-01
-3.537687007337808609e-03 1.372749218717217445e-03
-1.417664345353841782e-02 1.208955764770507812e+00
9.901714920997619629e-01 2.065286273136734962e-03
-2.161439955234527588e-01 9.996048212051391602e-01
7.898392677307128906e-01 4.524154067039489746e-01
8.115344643592834473e-01 1.332973837852478027e-01
-3.029472827911376953e-01 1.113932013511657715e+00
5.870887637138366699e-02 1.145420551300048828e+00
3.406922519207000732e-01 8.235413432121276855e-01
-3.638539314270019531e-01 9.946190118789672852e-01
-8.037664741277694702e-02 1.278451442718505859e+00
8.756534457206726074e-01 0.000000000000000000e+00
2.511003017425537109e-01 8.325574994087219238e-01
0.000000000000000000e+00 -1.618916168808937073e-03
-4.561836421489715576e-01 9.495257139205932617e-01
7.333325147628784180e-01 0.000000000000000000e+00
5.659835338592529297e-01 3.305901307612657547e-03
7.694370150566101074e-01 4.697535187005996704e-03
0.000000000000000000e+00 1.168588638305664062e+00
-1.207739580422639847e-03 1.842904253862798214e-03
8.163278102874755859e-01 0.000000000000000000e+00
-4.614085853099822998e-01 9.702489376068115234e-01
7.492485642433166504e-01 0.000000000000000000e+00
9.055742025375366211e-01 0.000000000000000000e+00
-5.307191610336303711e-01 8.536391854286193848e-01
6.663670539855957031e-01 8.449107408523559570e-01
9.445507526397705078e-01 0.000000000000000000e+00
7.894793748855590820e-01 4.535111188888549805e-01
2.753881216049194336e-01 9.600299000740051270e-01
-1.855819374322891235e-01 1.187935113906860352e+00
-6.373934745788574219e-01 7.516371607780456543e-01
-1.020607189275324345e-03 0.000000000000000000e+00
1.861274093389511108e-01 6.753214001655578613e-01
6.666908264160156250e-01 8.693745136260986328e-01
4.971726238727569580e-01 6.050946116447448730e-01
8.148620128631591797e-01 4.026478528976440430e-01
-2.891601026058197021e-01 1.105969429016113281e+00
8.588467836380004883e-01 3.224028041586279869e-03
-7.303898334503173828e-01 6.992928981781005859e-01
-1.773354113101959229e-01 1.196461915969848633e+00
-8.382078409194946289e-01 4.764026403427124023e-01
-3.594617545604705811e-01 9.225580692291259766e-01
8.536142706871032715e-01 0.000000000000000000e+00
6.370230317115783691e-01 1.686751260422170162e-03
7.303230762481689453e-01 9.692695736885070801e-02
1.429275725968182087e-03 0.000000000000000000e+00
-3.686630129814147949e-01 8.578031063079833984e-01
-4.476508498191833496e-01 9.311645030975341797e-01
9.429743289947509766e-01 1.987007912248373032e-03
1.186729669570922852e-01 1.081372499465942383e+00
2.687181532382965088e-01 9.018447399139404297e-01
-4.368298649787902832e-01 8.238080739974975586e-01
-6.013380289077758789e-01 7.836712002754211426e-01
7.127721309661865234e-01 0.000000000000000000e+00
6.720559000968933105e-01 8.927719593048095703e-01
0.000000000000000000e+00 -1.491388655267655849e-03
-2.648964151740074158e-02 1.217553853988647461e+00
-5.979887247085571289e-01 7.874569296836853027e-01
4.553874433040618896e-01 6.578204035758972168e-01
-6.374432444572448730e-01 7.523541450500488281e-01
9.161933064460754395e-01 5.273013841360807419e-03
7.473272085189819336e-01 3.024020232260227203e-03
-2.502279877662658691e-01 1.040505766868591309e+00
5.142738819122314453e-01 7.770071029663085938e-01
1.562035679817199707e-01 9.670242667198181152e-01
3.132430016994476318e-01 4.830119609832763672e-01
7.653743624687194824e-01 3.868519961833953857e-01
7.689631730318069458e-02 1.122890591621398926e+00
6.781205534934997559e-01 8.963382244110107422e-01
-1.990840137004852295e-01 1.156935691833496094e+00
-5.646530389785766602e-01 8.255939483642578125e-01
1.058855876326560974e-01 1.028897881507873535e+00
-1.353109627962112427e-02 1.208079695701599121e+00
-1.629546284675598145e-01 1.206637859344482422e+00
-2.043633311986923218e-01 1.159181714057922363e+00
6.915838718414306641e-01 9.240440726280212402e-01
-5.909161567687988281e-01 7.927465438842773438e-01
2.485581338405609131e-01 8.971214294433593750e-01
6.276990771293640137e-01 3.271436095237731934e-01
8.271100521087646484e-01 2.055528163909912109e-01
8.900884538888931274e-02 1.036472439765930176e+00
-4.403400123119354248e-01 8.171069025993347168e-01
-5.492078065872192383e-01 8.437685370445251465e-01
5.535525679588317871e-01 5.718525648117065430e-01
-4.599772691726684570e-01 9.541309475898742676e-01
1.758126914501190186e-02 1.139829754829406738e+00
0.000000000000000000e+00 1.256875810213387012e-03
7.296678423881530762e-01 9.753941297531127930e-01
9.236472845077514648e-01 1.035628141835331917e-03
0.000000000000000000e+00 0.000000000000000000e+00
8.568335175514221191e-01 7.171831279993057251e-02
-5.325675606727600098e-01 8.505994677543640137e-01
-7.633402347564697266e-01 6.225194334983825684e-01
8.515600562095642090e-01 9.751011431217193604e-02
9.859819412231445312e-01 0.000000000000000000e+00
6.139958277344703674e-02 1.136613488197326660e+00
3.838879764080047607e-01 1.041509032249450684e+00
7.677438259124755859e-01 2.596271689981222153e-03
-1.532014906406402588e-01 1.214313983917236328e+00
-1.091323420405387878e-01 1.304854869842529297e+00
-6.908175945281982422e-01 7.291885614395141602e-01
5.922722816467285156e-01 0.000000000000000000e+00
-6.132373809814453125e-01 7.730113267898559570e-01
7.151352763175964355e-01 2.837223112583160400e-01
-4.521772861480712891e-01 8.620959520339965820e-01
2.764275670051574707e-01 7.704603075981140137e-01
-6.569442152976989746e-01 7.351849079132080078e-01
-6.065425872802734375e-01 7.830857634544372559e-01
-6.133489608764648438e-01 7.729307413101196289e-01
8.902532458305358887e-01 1.881289877928793430e-03
5.518317222595214844e-01 5.718814134597778320e-01
6.908617019653320312e-01 1.569631625898182392e-03
7.587454915046691895e-01 3.692416250705718994e-01
1.389736076816916466e-03 0.000000000000000000e+00
8.269003033638000488e-01 3.001376390457153320e-01
9.157704114913940430e-01 1.053668484091758728e-01
7.637315392494201660e-01 4.880413711071014404e-01
6.860631704330444336e-01 3.755190875381231308e-03
-4.551656916737556458e-02 1.250727295875549316e+00
4.871394038200378418e-01 9.211393594741821289e-01
7.558630704879760742e-01 2.926874440163373947e-03
5.618579387664794922e-01 1.972779631614685059e-03
0.000000000000000000e+00 1.186733599752187729e-03
9.025303721427917480e-01 7.967542856931686401e-02
5.028793811798095703e-01 6.329859495162963867e-01
-3.155559003353118896e-01 1.060607671737670898e+00
6.902589797973632812e-01 7.218872904777526855e-01
-5.556078553199768066e-01 8.322207927703857422e-01
1.318032145500183105e-01 1.028411865234375000e+00
-4.301892593502998352e-03 0.000000000000000000e+00
9.375118017196655273e-01 1.946441247127950191e-03
3.772754371166229248e-01 9.528642892837524414e-01
6.682764887809753418e-01 8.485490083694458008e-01
7.720308303833007812e-01 3.050688421353697777e-03
-7.354620695114135742e-01 6.629600524902343750e-01
7.141162157058715820e-01 2.913563512265682220e-03
-6.369019746780395508e-01 7.629714608192443848e-01
5.409812331199645996e-01 2.033478114753961563e-03
3.609168529510498047e-01 6.825446486473083496e-01
8.170896172523498535e-01 1.648471057415008545e-01
-4.216150641441345215e-01 9.434170126914978027e-01
-6.348496079444885254e-01 8.121088743209838867e-01
5.698300004005432129e-01 3.800039887428283691e-01
1.030587591230869293e-03 1.522294362075626850e-03
8.085598945617675781e-01 2.993867993354797363e-01
-3.437336385250091553e-01 1.080609917640686035e+00
9.367921352386474609e-01 0.000000000000000000e+00
2.621688544750213623e-01 7.802963852882385254e-01
5.985729694366455078e-01 5.296362638473510742e-01
2.532464563846588135e-01 6.129641532897949219e-01
-8.180554024875164032e-03 1.195126414299011230e+00
6.717403531074523926e-01 1.284466590732336044e-03
-1.283009052276611328e-01 1.313466429710388184e+00
2.432912439107894897e-01 9.448416233062744141e-01
9.550242424011230469e-01 1.790956361219286919e-03
7.210152149200439453e-01 0.000000000000000000e+00
1.311272084712982178e-01 5.265457034111022949e-01
-2.709640264511108398e-01 9.739173650741577148e-01
3.308417499065399170e-01 7.339434027671813965e-01
1.500585973262786865e-01 9.759468436241149902e-01
-5.122408866882324219e-01 8.723303079605102539e-01
-5.615552663803100586e-01 8.229654431343078613e-01
-6.193213462829589844e-01 7.785641551017761230e-01
8.221997022628784180e-01 3.755608797073364258e-01
5.467183589935302734e-01 4.863213598728179932e-01
7.216151952743530273e-01 2.981137335300445557e-01
8.409381508827209473e-01 1.440417137928307056e-03
3.632291033864021301e-02 1.102226614952087402e+00
-2.927108705043792725e-01 1.066668868064880371e+00
6.241676211357116699e-01 6.447656545788049698e-03
5.990184545516967773e-01 3.876371681690216064e-01
-5.068036317825317383e-01 8.737980127334594727e-01
9.151777625083923340e-01 0.000000000000000000e+00
8.074766397476196289e-01 4.116675555706024170e-01
-2.337626516819000244e-01 1.153706550598144531e+00
-9.330883622169494629e-03 1.184720396995544434e+00
1.361312866210937500e-01 1.018844008445739746e+00
-4.747383892536163330e-01 8.957812190055847168e-01
9.672828018665313721e-02 1.103500485420227051e+00
6.512835621833801270e-01 9.959617257118225098e-02
1.344083845615386963e-01 9.970503449440002441e-01
1.031405702233314514e-01 1.050876975059509277e+00
6.577152609825134277e-01 1.736831851303577423e-03
6.957443952560424805e-01 2.279178937897086143e-03
-4.651301503181457520e-01 9.316173791885375977e-01
8.347327709197998047e-01 0.000000000000000000e+00
6.873961091041564941e-01 6.808570772409439087e-02
-4.886581897735595703e-01 8.836408853530883789e-01
-5.282434821128845215e-01 8.494916558265686035e-01
7.522527575492858887e-01 -1.670674653723835945e-03
-7.103471159934997559e-01 7.146580815315246582e-01
-5.143980383872985840e-01 8.606588840484619141e-01
-6.144073009490966797e-01 8.522878289222717285e-01
6.677604317665100098e-01 8.761675953865051270e-01
-6.033131480216979980e-01 7.172590494155883789e-01
-5.814980864524841309e-01 8.014139533042907715e-01
9.417634010314941406e-01 4.001456312835216522e-03
-5.498538017272949219e-01 8.296874165534973145e-01
2.551763951778411865e-01 1.134858489036560059e+00
6.154645085334777832e-01 6.984355859458446503e-03
0.000000000000000000e+00 -2.815023995935916901e-03
7.676158547401428223e-01 3.878967836499214172e-03
7.747036814689636230e-01 4.894877374172210693e-01
4.973657056689262390e-02 1.093582034111022949e+00
7.449976205825805664e-01 0.000000000000000000e+00
-6.460812091827392578e-01 8.100000619888305664e-01
8.948264122009277344e-01 1.246900530532002449e-03
1.686405739746987820e-03 2.048161346465349197e-03
-6.409122794866561890e-02 1.262796282768249512e+00
5.416626930236816406e-01 -1.143499743193387985e-03
6.731864213943481445e-01 8.513231277465820312e-01
6.446766853332519531e-01 4.445492625236511230e-01
-5.504366159439086914e-01 8.324338793754577637e-01
-4.730812311172485352e-01 8.984970450401306152e-01
-1.836627125740051270e-01 1.080553174018859863e+00
-1.986943744122982025e-02 1.199858307838439941e+00
-6.227514743804931641e-01 7.646811008453369141e-01
-5.091621875762939453e-01 8.665313720703125000e-01
1.965314000844955444e-01 8.990477919578552246e-01
-6.032733917236328125e-01 7.904003262519836426e-01
-7.973477840423583984e-01 5.631222128868103027e-01
2.484722286462783813e-01 8.883161544799804688e-01
1.913445889949798584e-01 5.833374261856079102e-01
4.842408895492553711e-01 5.615181922912597656e-01
0.000000000000000000e+00 0.000000000000000000e+00
6.944632530212402344e-01 2.826332347467541695e-03
8.114407658576965332e-01 0.000000000000000000e+00
7.139065861701965332e-01 9.592567682266235352e-01
-1.120515516959130764e-03 0.000000000000000000e+00
0.000000000000000000e+00 0.000000000000000000e+00
7.960556149482727051e-01 1.207948429509997368e-03
0.000000000000000000e+00 0.000000000000000000e+00
5.873638391494750977e-01 5.661414265632629395e-01
-7.346152663230895996e-01 6.602433919906616211e-01
2.057820409536361694e-01 9.245431423187255859e-01
-5.276747345924377441e-01 8.530489802360534668e-01
-5.854785442352294922e-01 7.988668084144592285e-01
2.290672957897186279e-01 9.403957128524780273e-01
7.719488739967346191e-01 6.195894908159971237e-03
8.130338191986083984e-01 0.000000000000000000e+00
-6.770262122154235840e-01 7.346282005310058594e-01
-6.618672013282775879e-01 7.381504178047180176e-01
-2.158927265554666519e-03 0.000000000000000000e+00
5.136302113533020020e-01 4.833137691020965576e-01
5.812562108039855957e-01 6.775833964347839355e-01
-3.645844161510467529e-01 1.043612837791442871e+00
9.379962682723999023e-01 3.213084489107131958e-02
7.155361771583557129e-01 6.418494582176208496e-01
-8.090980648994445801e-01 5.382915735244750977e-01
7.655423879623413086e-01 1.508980393409729004e-01
3.056057393550872803e-01 9.433590769767761230e-01
7.837688922882080078e-01 3.765266239643096924e-01
-2.015038579702377319e-01 1.236737728118896484e+00
-2.315073506906628609e-03 0.000000000000000000e+00
3.443387448787689209e-01 8.882519006729125977e-01
-7.272993922233581543e-01 6.665382385253906250e-01
5.000393390655517578e-01 7.052846550941467285e-01
8.286880254745483398e-01 2.034478820860385895e-03
0.000000000000000000e+00 0.000000000000000000e+00
1.244043814949691296e-03 -1.463996595703065395e-03
-4.876782298088073730e-01 9.478649497032165527e-01
6.780012249946594238e-01 7.189648151397705078e-01
7.486612200736999512e-01 5.537573099136352539e-01
5.616334080696105957e-01 1.979857217520475388e-03
-2.397642284631729126e-02 1.226773262023925781e+00
4.908722043037414551e-01 4.117668569087982178e-01
-6.546346545219421387e-01 7.393468022346496582e-01
1.451712548732757568e-01 1.125745534896850586e+00
-6.537992358207702637e-01 7.818535566329956055e-01
-4.033104181289672852e-01 8.466219305992126465e-01
-4.141919612884521484e-01 9.521703720092773438e-01
0.000000000000000000e+00 0.000000000000000000e+00
8.533253073692321777e-01 3.358373418450355530e-03
-5.116663575172424316e-01 8.651106357574462891e-01
-5.570675134658813477e-01 8.329998850822448730e-01
7.232136130332946777e-01 0.000000000000000000e+00
8.894573450088500977e-01 2.393824281170964241e-03
7.514842152595520020e-01 -1.608386635780334473e-03
-4.513415694236755371e-01 9.230377674102783203e-01
5.153134465217590332e-02 1.110738396644592285e+00
-5.883586406707763672e-01 7.953653931617736816e-01
9.927481412887573242e-01 1.365172211080789566e-03
6.700680255889892578e-01 8.802770376205444336e-01
8.594827651977539062e-01 9.848070889711380005e-02
7.483020424842834473e-01 5.554571747779846191e-01
8.316267132759094238e-01 0.000000000000000000e+00
-5.193302035331726074e-01 8.912798762321472168e-01
-5.880175828933715820e-01 7.949770689010620117e-01
7.933174967765808105e-01 1.760560087859630585e-03
2.283967286348342896e-01 9.538956284523010254e-01
2.316288203001022339e-01 8.900728821754455566e-01
2.657345831394195557e-01 5.182381272315979004e-01
-5.107792019844055176e-01 8.842765092849731445e-01
-7.665401101112365723e-01 6.274632215499877930e-01
-2.694209814071655273e-01 9.574790596961975098e-01
6.791399121284484863e-01 7.745882272720336914e-01
-5.239903330802917480e-01 8.708137273788452148e-01
1.110531091690063477e-01 1.028863787651062012e+00
9.098918437957763672e-01 0.000000000000000000e+00
8.303250670433044434e-01 2.510711848735809326e-01
-6.529782414436340332e-01 7.441493868827819824e-01
-4.548964202404022217e-01 9.137131571769714355e-01
7.452145814895629883e-01 3.393335938453674316e-01
6.827194243669509888e-02 1.087784171104431152e+00
-4.637979269027709961e-01 9.139921069145202637e-01
8.649504929780960083e-02 1.071047425270080566e+00
-4.441234171390533447e-01 8.897136449813842773e-01
-9.606528282165527344e-02 1.294158697128295898e+00
-1.258004223927855492e-03 0.000000000000000000e+00
-4.179657101631164551e-01 9.546963572502136230e-01
8.278141617774963379e-01 3.458895254880189896e-03
-1.464740023948252201e-03 0.000000000000000000e+00
-6.077910661697387695e-01 7.776014208793640137e-01
-1.998747140169143677e-01 1.185973763465881348e+00
0.000000000000000000e+00 -3.234225790947675705e-03
-5.638021230697631836e-01 7.217758297920227051e-01
-4.856832325458526611e-01 8.939525485038757324e-01
-5.484060645103454590e-01 8.354677557945251465e-01
-3.268071413040161133e-01 1.096290111541748047e+00
0.000000000000000000e+00 -2.063317457213997841e-03
6.270073652267456055e-01 9.613356590270996094e-01
9.613187313079833984e-01 5.939074605703353882e-02
5.232318639755249023e-01 7.640095353126525879e-01
3.418560139834880829e-03 0.000000000000000000e+00
-5.321475267410278320e-01 8.457826972007751465e-01
3.406136296689510345e-03 0.000000000000000000e+00
-3.337703645229339600e-01 1.098001003265380859e+00
-5.405020713806152344e-01 8.880152702331542969e-01
8.758043050765991211e-01 0.000000000000000000e+00
6.417012214660644531e-01 6.247818935662508011e-03
2.571981865912675858e-03 -1.908252597786486149e-03
6.448845863342285156e-01 1.548063359223306179e-03
-2.350138574838638306e-01 1.130016207695007324e+00
-4.608453810214996338e-01 8.088261485099792480e-01
7.209198474884033203e-01 0.000000000000000000e+00
7.077534794807434082e-01 -1.460096449591219425e-03
1.032861620187759399e-01 1.045082211494445801e+00
4.255392588675022125e-03 -1.601328258402645588e-03
-5.951009392738342285e-01 7.913430929183959961e-01
4.160773158073425293e-01 5.356445908546447754e-01
1.025562640279531479e-03 0.000000000000000000e+00
9.466257095336914062e-01 5.083347670733928680e-03
2.419170886278152466e-01 1.122097492218017578e+00
8.325492739677429199e-01 2.293066680431365967e-01
4.272699654102325439e-01 6.082765460014343262e-01
7.681002467870712280e-02 1.082717299461364746e+00
-6.425639986991882324e-02 1.266891598701477051e+00
3.421107530593872070e-01 9.143658876419067383e-01
3.367878198623657227e-01 8.169819116592407227e-01
-3.520970344543457031e-01 1.008079528808593750e+00
7.768992781639099121e-01 3.866749107837677002e-01
6.356998682022094727e-01 7.526855468750000000e-01
-4.242797493934631348e-01 9.744114279747009277e-01
-5.929465889930725098e-01 8.002452254295349121e-01
-4.901363849639892578e-01 8.867797255516052246e-01
4.648299217224121094e-01 4.120490550994873047e-01
1.594756729900836945e-03 -1.472188858315348625e-03
7.809110283851623535e-01 1.867842278443276882e-03
4.685242474079132080e-01 9.151883721351623535e-01
9.558485150337219238e-01 4.205160588026046753e-02
5.758056044578552246e-01 6.461036205291748047e-01
-3.961439132690429688e-01 1.007342576980590820e+00
1.728727817535400391e-01 1.016654610633850098e+00
-3.830085694789886475e-01 9.793698191642761230e-01
4.914104938507080078e-01 4.793510138988494873e-01
-6.266323924064636230e-01 7.739253640174865723e-01
7.623718380928039551e-01 5.296219587326049805e-01
1.209232807159423828e-01 1.079547405242919922e+00
9.787995815277099609e-01 0.000000000000000000e+00
9.421600103378295898e-01 1.984976697713136673e-03
6.778118014335632324e-01 9.013493061065673828e-01
9.018522500991821289e-01 0.000000000000000000e+00
-3.462897539138793945e-01 9.280992746353149414e-01
-6.160796880722045898e-01 7.711100578308105469e-01
6.423470377922058105e-01 4.338043928146362305e-01
5.060433149337768555e-01 8.563857674598693848e-01
-1.701970398426055908e-01 1.202557921409606934e+00
-3.769240975379943848e-01 1.042225122451782227e+00
-6.569126844406127930e-01 7.397902011871337891e-01
6.481571197509765625e-01 3.124815523624420166e-01
6.913301348686218262e-01 9.293768405914306641e-01
7.869023084640502930e-01 0.000000000000000000e+00
-7.429776787757873535e-01 7.626941800117492676e-01
6.871198415756225586e-01 6.295223236083984375e-01
-6.557139158248901367e-01 7.359551787376403809e-01
-6.463890075683593750e-01 7.834885716438293457e-01
5.065810084342956543e-01 6.799750328063964844e-01
7.073218822479248047e-01 8.302142471075057983e-02
4.717162251472473145e-01 6.584595441818237305e-01
9.120685458183288574e-01 1.080672256648540497e-03
4.530451297760009766e-01 -2.321295440196990967e-03
-2.019396424293518066e-01 1.154908180236816406e+00
-2.293478548526763916e-01 1.142598390579223633e+00
-5.037250518798828125e-01 8.151600360870361328e-01
6.652235388755798340e-01 8.375198245048522949e-01
-1.834315247833728790e-02 1.220466136932373047e+00
-5.268164873123168945e-01 8.995564579963684082e-01
-2.245980650186538696e-01 9.975950121879577637e-01
8.968634009361267090e-01 1.056484878063201904e-03
-1.358495950698852539e-01 1.290289402008056641e+00
-2.322293967008590698e-01 1.188287019729614258e+00
-4.475395381450653076e-01 9.885149598121643066e-01
-8.134016394615173340e-02 1.159086108207702637e+00
6.365122199058532715e-01 7.028955500572919846e-03
9.182412624359130859e-01 8.471193909645080566e-02
3.488604724407196045e-01 9.329606890678405762e-01
5.247606039047241211e-01 5.682249665260314941e-01
-5.629703402519226074e-01 8.171637654304504395e-01
9.922362565994262695e-01 0.000000000000000000e+00
-5.903077125549316406e-01 8.618544936180114746e-01
3.232221007347106934e-01 9.286043643951416016e-01
6.957113742828369141e-01 6.098362151533365250e-03
7.775495648384094238e-01 1.499598920345306396e-01
-4.200301468372344971e-01 9.451978802680969238e-01
-6.860913038253784180e-01 7.111176848411560059e-01
7.387256026268005371e-01 5.791012644767761230e-01
-4.968969523906707764e-01 9.457513093948364258e-01
9.839364886283874512e-02 1.042819261550903320e+00
-4.440372288227081299e-01 9.276258349418640137e-01
6.604681015014648438e-01 5.385237932205200195e-01
-5.694625377655029297e-01 8.160471916198730469e-01
7.532999515533447266e-01 0.000000000000000000e+00
7.618585228919982910e-01 1.926432247273623943e-03
-1.746165566146373749e-02 1.214002132415771484e+00
-1.330458745360374451e-02 1.206328272819519043e+00
6.243178844451904297e-01 5.997797250747680664e-01
8.124721050262451172e-01 4.726244136691093445e-03
6.682998538017272949e-01 8.679795861244201660e-01
7.918415665626525879e-01 3.183282166719436646e-02
-1.779595576226711273e-02 1.214698672294616699e+00
3.510898053646087646e-01 9.052584171295166016e-01
8.004848361015319824e-01 2.947200536727905273e-01
-3.760357797145843506e-01 8.570610284805297852e-01
5.808594077825546265e-02 1.070936322212219238e+00
-4.792573153972625732e-01 8.952223062515258789e-01
2.818280756473541260e-01 8.079791069030761719e-01
7.473583519458770752e-02 1.085621356964111328e+00
2.209856510162353516e-01 8.726561069488525391e-01
6.220939159393310547e-01 0.000000000000000000e+00
5.946415066719055176e-01 5.691316723823547363e-01
5.003209710121154785e-01 8.855795860290527344e-01
-2.530312836170196533e-01 1.118906855583190918e+00
2.567276060581207275e-01 5.341444611549377441e-01
-5.456467270851135254e-01 9.306210875511169434e-01
-6.233841180801391602e-01 7.679084539413452148e-01
3.902316689491271973e-01 6.945228576660156250e-01
7.039089798927307129e-01 9.444514513015747070e-01
-5.024251714348793030e-02 1.253237128257751465e+00
1.513393074274063110e-01 1.053582072257995605e+00
8.317263722419738770e-01 1.077576656825840473e-03
-6.229110360145568848e-01 7.887067794799804688e-01
6.668266654014587402e-01 8.692086935043334961e-01
3.838427960872650146e-01 6.882571578025817871e-01
1.543135941028594971e-01 5.925292968750000000e-01
7.087357640266418457e-01 9.293317794799804688e-01
9.243546724319458008e-01 1.223196042701601982e-03
8.058971762657165527e-01 0.000000000000000000e+00
8.680751174688339233e-02 1.064155936241149902e+00
-5.249195694923400879e-01 8.518087267875671387e-01
1.722482293844223022e-01 6.497400999069213867e-01
-5.226381421089172363e-01 8.568826317787170410e-01
8.157131075859069824e-01 3.940289020538330078e-01
1.890476793050765991e-01 6.387280821800231934e-01
6.546154618263244629e-01 2.910870015621185303e-01
-3.101933300495147705e-01 9.650797247886657715e-01
7.171283364295959473e-01 0.000000000000000000e+00
-5.997754335403442383e-01 7.892573475837707520e-01
1.506155133247375488e-01 1.051558732986450195e+00
4.700998663902282715e-01 -1.398828579112887383e-03
7.290133833885192871e-01 5.107337236404418945e-01
-7.393904924392700195e-01 6.600257754325866699e-01
3.860491141676902771e-02 1.128965616226196289e+00
-5.030076503753662109e-01 8.933929204940795898e-01
7.893285751342773438e-01 1.627385499887168407e-03
-1.281705917790532112e-03 1.878223614767193794e-03
9.217581748962402344e-01 4.392292350530624390e-03
8.096068352460861206e-02 1.080011248588562012e+00
0.000000000000000000e+00 0.000000000000000000e+00
4.849138557910919189e-01 9.729427099227905273e-01
4.502162039279937744e-01 6.149166226387023926e-01
0.000000000000000000e+00 1.158136725425720215e+00
-6.307654976844787598e-01 7.583227157592773438e-01
-5.759217739105224609e-01 8.122454285621643066e-01
4.709402322769165039e-01 -1.206726999953389168e-03
-5.394042134284973145e-01 8.419429659843444824e-01
9.437431097030639648e-01 3.238852601498365402e-03
7.865673303604125977e-01 2.695545926690101624e-02
-6.816956400871276855e-01 7.172725200653076172e-01
3.538115620613098145e-01 8.253363966941833496e-01
3.951232731342315674e-01 6.535632014274597168e-01
6.987456679344177246e-01 9.308891892433166504e-01
-5.311635732650756836e-01 8.866028785705566406e-01
5.190600752830505371e-01 -1.282602315768599510e-03
5.317146778106689453e-01 4.820106327533721924e-01
7.453690767288208008e-01 1.261090394109487534e-03
9.422194361686706543e-01 5.000066943466663361e-03
-3.892812505364418030e-02 1.239496946334838867e+00
0.000000000000000000e+00 0.000000000000000000e+00
-5.218514800071716309e-01 8.540078997611999512e-01
8.954713940620422363e-01 2.752308733761310577e-03
7.893570065498352051e-01 1.617781934328377247e-03
1.266374485567212105e-03 -2.473665867000818253e-03
-1.918189525604248047e-01 1.298730969429016113e+00
6.817589998245239258e-01 9.085112810134887695e-01
8.745004236698150635e-02 1.070697188377380371e+00
-1.502970308065414429e-01 1.300154447555541992e+00
3.275107145309448242e-01 8.216726779937744141e-01
-1.979387700557708740e-01 1.162623763084411621e+00
6.298504769802093506e-02 1.079712033271789551e+00
2.090245634317398071e-01 7.377552986145019531e-01
3.943099677562713623e-01 6.645796895027160645e-01
8.463119268417358398e-01 3.249596357345581055e-01
-5.720978379249572754e-01 8.122730851173400879e-01
0.000000000000000000e+00 -1.012750901281833649e-03
-7.744736075401306152e-01 6.415236592292785645e-01
7.341498732566833496e-01 1.526922136545181274e-01
1.246721595525741577e-01 1.086321592330932617e+00
6.770641803741455078e-01 8.500491380691528320e-01
9.038980603218078613e-01 0.000000000000000000e+00
4.996897876262664795e-01 7.800110578536987305e-01
-3.529065847396850586e-01 1.087038159370422363e+00
0.000000000000000000e+00 0.000000000000000000e+00
2.106991559267044067e-01 8.646122813224792480e-01
8.124799132347106934e-01 1.025317469611763954e-03
-2.621540054678916931e-02 1.229336857795715332e+00
-4.995069205760955811e-01 8.742047548294067383e-01
8.634554147720336914e-01 2.379147857427597046e-01
8.229381442070007324e-01 4.600990097969770432e-03
7.801806926727294922e-01 3.360849022865295410e-01
-3.670763969421386719e-01 1.224293947219848633e+00
7.129097580909729004e-01 3.215674078091979027e-03
6.053369045257568359e-01 3.246803879737854004e-01
-1.018937602639198303e-01 1.294213414192199707e+00
8.265170454978942871e-01 2.680316865444183350e-01
-5.512621402740478516e-01 8.839428424835205078e-01
5.670570731163024902e-01 -1.607514335773885250e-03
2.922655940055847168e-01 8.023439049720764160e-01
2.313949167728424072e-03 0.000000000000000000e+00
-1.891153492033481598e-02 1.180635809898376465e+00
7.421301603317260742e-01 1.911493092775344849e-01
4.590361416339874268e-01 7.762593030929565430e-01
7.034612894058227539e-01 2.132175723090767860e-03
2.084073722362518311e-01 8.495982885360717773e-01
-5.735208988189697266e-01 9.175750017166137695e-01
8.043701052665710449e-01 3.528915047645568848e-01
-5.453626513481140137e-01 8.381579518318176270e-01
-3.031732738018035889e-01 9.493033289909362793e-01
7.105497717857360840e-01 0.000000000000000000e+00
-7.336636185646057129e-01 6.985138058662414551e-01
5.566979646682739258e-01 6.544486880302429199e-01
8.218682408332824707e-01 3.784701228141784668e-01
-2.296218425035476685e-01 1.024993538856506348e+00
-6.574183702468872070e-01 7.390556335449218750e-01
6.954592466354370117e-01 9.067159891128540039e-01
-3.831791281700134277e-01 9.791499376296997070e-01
-1.521047949790954590e-01 1.266656398773193359e+00
6.277557015419006348e-01 4.362747073173522949e-01
8.055586814880371094e-01 2.141495235264301300e-03
-4.704715609550476074e-01 9.600613117218017578e-01
3.643543645739555359e-02 1.122892022132873535e+00
-6.647444367408752441e-01 7.746129631996154785e-01
6.719413995742797852e-01 5.148340463638305664e-01
8.759166002273559570e-01 9.838315844535827637e-02
-1.200019344687461853e-01 1.148841142654418945e+00
-8.438840508460998535e-02 1.247246265411376953e+00
8.390110135078430176e-01 2.828119555488228798e-03
7.722451090812683105e-01 1.257432252168655396e-01
-7.449139952659606934e-01 7.166830301284790039e-01
-6.330289244651794434e-01 9.036421179771423340e-01
5.640333294868469238e-01 5.617214441299438477e-01
8.877142667770385742e-01 3.855912247672677040e-03
-2.305663228034973145e-01 1.174134969711303711e+00
9.471131563186645508e-01 -1.728957169689238071e-03
7.176483273506164551e-01 0.000000000000000000e+00
-5.641557574272155762e-01 8.367023468017578125e-01
-3.471860289573669434e-01 1.265740871429443359e+00
5.670096278190612793e-01 3.392634913325309753e-03
6.861292719841003418e-01 7.562724351882934570e-01
4.720150828361511230e-01 9.084742069244384766e-01
-6.662924885749816895e-01 8.002103567123413086e-01
8.230721354484558105e-01 3.344593942165374756e-01
1.830498278141021729e-01 7.187556624412536621e-01
2.522323131561279297e-01 8.326854705810546875e-01
-5.236341357231140137e-01 9.158022403717041016e-01
-5.323798060417175293e-01 8.988329172134399414e-01
-5.536301732063293457e-01 8.357154726982116699e-01
9.104899764060974121e-01 0.000000000000000000e+00
-4.832066893577575684e-01 9.931401610374450684e-01
5.600020289421081543e-01 5.623828172683715820e-01
5.156736820936203003e-02 1.101194024085998535e+00
-7.529759313911199570e-03 1.184514284133911133e+00
8.769991993904113770e-01 9.974955022335052490e-02
7.819525599479675293e-01 3.741024136543273926e-01
-4.458465874195098877e-01 9.572916030883789062e-01
6.391575336456298828e-01 5.744081139564514160e-01
-6.117587685585021973e-01 8.444258570671081543e-01
-7.933537364006042480e-01 7.785425782203674316e-01
-8.213787078857421875e-01 7.999235391616821289e-01
-2.889335453510284424e-01 1.469566464424133301e+00
8.584358692169189453e-01 2.980387508869171143e-01
-6.280831098556518555e-01 7.813630700111389160e-01
1.904395669698715210e-01 8.089046478271484375e-01
7.133254408836364746e-02 9.877938628196716309e-01
9.124723076820373535e-01 1.798010547645390034e-03
6.049284934997558594e-01 3.589496910572052002e-01
1.583142876625061035e-01 1.394589424133300781e+00
6.731822490692138672e-01 5.136365294456481934e-01
7.480878829956054688e-01 -1.112909289076924324e-03
6.756286025047302246e-01 8.244169354438781738e-01
4.726404845714569092e-01 7.657237052917480469e-01
-5.903119444847106934e-01 8.404069542884826660e-01
9.288589358329772949e-01 1.923338742926716805e-03
-5.848706141114234924e-02 1.289169907569885254e+00
7.732555866241455078e-01 2.034720499068498611e-03
9.145541191101074219e-01 0.000000000000000000e+00
-5.596325397491455078e-01 9.332982897758483887e-01
-4.897792041301727295e-01 9.078733921051025391e-01
8.256168365478515625e-01 1.091069821268320084e-02
-5.726027488708496094e-01 9.412378668785095215e-01
8.556266427040100098e-01 3.042542338371276855e-01
5.018895864486694336e-02 1.100024342536926270e+00
7.409713268280029297e-01 1.448803581297397614e-03
-7.323883473873138428e-02 1.277452588081359863e+00
6.767438054084777832e-01 8.216090798377990723e-01
6.765133142471313477e-01 1.420001615770161152e-03
5.691598653793334961e-01 3.796076476573944092e-01
9.128554463386535645e-01 -1.300102798268198967e-03
5.683734416961669922e-01 3.787763416767120361e-01
6.766087412834167480e-01 8.218153119087219238e-01
6.767458319664001465e-01 8.216041922569274902e-01
7.207001447677612305e-01 0.000000000000000000e+00
3.444226980209350586e-01 9.095383882522583008e-01
