-2.183352364227175713e-03 0.000000000000000000e+00
0.000000000000000000e+00 -2.660165075212717056e-03
-1.313955988734960556e-03 -1.630449551157653332e-03
0.000000000000000000e+00 0.000000000000000000e+00
0.000000000000000000e+00 0.000000000000000000e+00
-1.430205535143613815e-03 -1.659347675740718842e-03
-1.145814312621951103e-03 -1.746980589814484119e-03
1.044745326042175293e+00 -2.885608002543449402e-03
0.000000000000000000e+00 0.000000000000000000e+00
0.000000000000000000e+00 -1.454354496672749519e-03
8.004744052886962891e-01 1.013109460473060608e-03
0.000000000000000000e+00 -1.499289064668118954e-03
0.000000000000000000e+00 1.062678522430360317e-03
0.000000000000000000e+00 0.000000000000000000e+00
5.035976879298686981e-03 1.061099348589777946e-03
-2.681785961613059044e-03 1.743109198287129402e-03
2.553629688918590546e-03 0.000000000000000000e+00
1.152074430137872696e-03 -1.420044573023915291e-03
-2.446471247822046280e-03 0.000000000000000000e+00
0.000000000000000000e+00 -1.958836335688829422e-03
0.000000000000000000e+00 -1.612618099898099899e-03
3.270490095019340515e-03 -2.580262254923582077e-03
0.000000000000000000e+00 0.000000000000000000e+00
0.000000000000000000e+00 0.000000000000000000e+00
-1.549295382574200630e-03 0.000000000000000000e+00
-1.548839658498764038e-01 -1.161297440528869629e+00
0.000000000000000000e+00 -1.284721423871815205e-03
-2.998254261910915375e-03 2.380776451900601387e-03
0.000000000000000000e+00 2.884410787373781204e-03
3.500133985653519630e-03 -3.403591457754373550e-03
1.938507426530122757e-03 -1.583695178851485252e-03
4.440532065927982330e-03 -2.896398771554231644e-03
0.000000000000000000e+00 1.721778418868780136e-03
0.000000000000000000e+00 -1.617748523131012917e-03
-1.027001766487956047e-03 0.000000000000000000e+00
0.000000000000000000e+00 -3.660986199975013733e-03
1.379387802444398403e-03 0.000000000000000000e+00
0.000000000000000000e+00 0.000000000000000000e+00
0.000000000000000000e+00 0.000000000000000000e+00
0.000000000000000000e+00 -3.165157977491617203e-03
-2.794805914163589478e-03 -2.948339330032467842e-03
-1.485649729147553444e-03 0.000000000000000000e+00
0.000000000000000000e+00 0.000000000000000000e+00
-1.728729577735066414e-03 0.000000000000000000e+00
1.254605478607118130e-03 -1.768893678672611713e-03
-2.306820359081029892e-03 1.410216675139963627e-03
-1.890475279651582241e-03 0.000000000000000000e+00
0.000000000000000000e+00 0.000000000000000000e+00
-1.462675165385007858e-03 -3.741847351193428040e-03
0.000000000000000000e+00 0.000000000000000000e+00
-1.260642427951097488e-03 0.000000000000000000e+00
0.000000000000000000e+00 -1.229000161401927471e-03
0.000000000000000000e+00 -1.143302302807569504e-03
0.000000000000000000e+00 0.000000000000000000e+00
-1.234794268384575844e-03 0.000000000000000000e+00
2.324033994227647781e-03 1.058107707649469376e-03
2.894975244998931885e-03 -1.128165517002344131e-03
0.000000000000000000e+00 0.000000000000000000e+00
0.000000000000000000e+00 0.000000000000000000e+00
1.956924330443143845e-03 0.000000000000000000e+00
1.535718329250812531e-03 0.000000000000000000e+00
0.000000000000000000e+00 -2.217991743236780167e-03
0.000000000000000000e+00 -1.334373140707612038e-03
2.102827653288841248e-03 -1.046617398969829082e-03
4.109153524041175842e-03 0.000000000000000000e+00
1.397609128616750240e-03 -1.851364620961248875e-03
0.000000000000000000e+00 0.000000000000000000e+00
0.000000000000000000e+00 -1.221977057866752148e-03
0.000000000000000000e+00 0.000000000000000000e+00
-1.798054901883006096e-03 -1.109269447624683380e-03
2.752603497356176376e-03 0.000000000000000000e+00
0.000000000000000000e+00 0.000000000000000000e+00
0.000000000000000000e+00 2.967057516798377037e-03
0.000000000000000000e+00 0.000000000000000000e+00
1.088094664737582207e-03 0.000000000000000000e+00
0.000000000000000000e+00 0.000000000000000000e+00
1.219613244757056236e-03 -2.057142788544297218e-03
0.000000000000000000e+00 -1.007053651846945286e-03
-1.386459916830062866e-03 -1.246302970685064793e-03
-1.630315440706908703e-03 0.000000000000000000e+00
1.397117623127996922e-03 0.000000000000000000e+00
0.000000000000000000e+00 0.000000000000000000e+00
-1.419698470272123814e-03 1.849711174145340919e-03
-1.022321754135191441e-03 -2.454274334013462067e-03
1.307439757511019707e-03 0.000000000000000000e+00
0.000000000000000000e+00 2.273788442835211754e-03
-3.901868825778365135e-03 0.000000000000000000e+00
0.000000000000000000e+00 1.699604094028472900e-03
0.000000000000000000e+00 0.000000000000000000e+00
0.000000000000000000e+00 -2.100715413689613342e-03
0.000000000000000000e+00 0.000000000000000000e+00
1.925433170981705189e-03 1.674233819358050823e-03
0.000000000000000000e+00 0.000000000000000000e+00
-1.625893753953278065e-03 -3.128485986962914467e-03
0.000000000000000000e+00 -1.643548253923654556e-03
0.000000000000000000e+00 1.762998057529330254e-03
0.000000000000000000e+00 0.000000000000000000e+00
0.000000000000000000e+00 0.000000000000000000e+00
0.000000000000000000e+00 0.000000000000000000e+00
-2.383330836892127991e-03 -1.038515358231961727e-03
0.000000000000000000e+00 -1.990721793845295906e-03
-6.379027850925922394e-03 -1.660729176364839077e-03
1.583961187861859798e-03 0.000000000000000000e+00
-1.533515518531203270e-03 2.518394496291875839e-03
0.000000000000000000e+00 -1.050797523930668831e-03
0.000000000000000000e+00 -1.722048968076705933e-03
0.000000000000000000e+00 0.000000000000000000e+00
1.389025244861841202e-03 0.000000000000000000e+00
0.000000000000000000e+00 0.000000000000000000e+00
1.417853869497776031e-03 -1.740297535434365273e-03
5.163114052265882492e-03 -2.089807763695716858e-03
2.510992344468832016e-03 1.013993285596370697e-03
-1.052770297974348068e-03 1.540711149573326111e-03
3.710697637870907784e-03 0.000000000000000000e+00
0.000000000000000000e+00 2.023195847868919373e-03
-1.657640328630805016e-03 0.000000000000000000e+00
0.000000000000000000e+00 0.000000000000000000e+00
-1.131677185185253620e-03 -1.511125243268907070e-03
0.000000000000000000e+00 0.000000000000000000e+00
0.000000000000000000e+00 2.628818154335021973e-03
1.528496271930634975e-03 0.000000000000000000e+00
1.594853471033275127e-03 1.531627029180526733e-03
0.000000000000000000e+00 1.569220214150846004e-03
0.000000000000000000e+00 2.174981636926531792e-03
-2.964664949104189873e-03 0.000000000000000000e+00
0.000000000000000000e+00 0.000000000000000000e+00
0.000000000000000000e+00 1.275092596188187599e-03
-4.275025799870491028e-03 0.000000000000000000e+00
0.000000000000000000e+00 0.000000000000000000e+00
1.413901336491107941e-03 0.000000000000000000e+00
-1.298364368267357349e-03 2.554773585870862007e-03
-1.965807750821113586e-03 1.659253961406648159e-03
-1.483505358919501305e-03 0.000000000000000000e+00
1.755573204718530178e-03 0.000000000000000000e+00
0.000000000000000000e+00 0.000000000000000000e+00
-1.195426564663648605e-03 -1.024126308038830757e-03
-1.773120951838791370e-03 0.000000000000000000e+00
0.000000000000000000e+00 0.000000000000000000e+00
-1.080694491975009441e-03 0.000000000000000000e+00
-1.157778548076748848e-03 0.000000000000000000e+00
0.000000000000000000e+00 0.000000000000000000e+00
0.000000000000000000e+00 1.571290777064859867e-03
-1.034240820445120335e-03 1.376744592562317848e-03
0.000000000000000000e+00 0.000000000000000000e+00
0.000000000000000000e+00 3.058195346966385841e-03
1.242007128894329071e-03 0.000000000000000000e+00
2.692993031814694405e-03 0.000000000000000000e+00
-1.495354692451655865e-03 -1.327906269580125809e-03
0.000000000000000000e+00 0.000000000000000000e+00
0.000000000000000000e+00 1.278656884096562862e-03
0.000000000000000000e+00 1.505140215158462524e-03
0.000000000000000000e+00 0.000000000000000000e+00
-1.965002156794071198e-03 -2.068595960736274719e-03
-1.080759568139910698e-03 -1.367971766740083694e-03
0.000000000000000000e+00 -1.319726346991956234e-03
1.935869688168168068e-03 1.157586462795734406e-03
0.000000000000000000e+00 -1.045291428454220295e-03
0.000000000000000000e+00 -2.921760315075516701e-03
0.000000000000000000e+00 -3.517162753269076347e-03
0.000000000000000000e+00 1.604101969860494137e-03
-2.041709143668413162e-03 2.188347745686769485e-03
-2.363880863413214684e-03 0.000000000000000000e+00
0.000000000000000000e+00 2.646600594744086266e-03
0.000000000000000000e+00 0.000000000000000000e+00
0.000000000000000000e+00 -1.115534687414765358e-03
0.000000000000000000e+00 0.000000000000000000e+00
0.000000000000000000e+00 0.000000000000000000e+00
0.000000000000000000e+00 0.000000000000000000e+00
0.000000000000000000e+00 0.000000000000000000e+00
0.000000000000000000e+00 0.000000000000000000e+00
1.356113702058792114e-03 0.000000000000000000e+00
0.000000000000000000e+00 -1.746562775224447250e-03
2.716957358643412590e-03 1.229687943123281002e-03
-2.279379870742559433e-03 -1.155000878497958183e-03
-1.608359627425670624e-03 0.000000000000000000e+00
0.000000000000000000e+00 1.870684674941003323e-03
-1.545682316645979881e-03 0.000000000000000000e+00
0.000000000000000000e+00 0.000000000000000000e+00
0.000000000000000000e+00 0.000000000000000000e+00
-4.582964815199375153e-03 -2.785914810374379158e-03
0.000000000000000000e+00 0.000000000000000000e+00
0.000000000000000000e+00 -1.138091203756630421e-03
2.598573220893740654e-03 0.000000000000000000e+00
0.000000000000000000e+00 0.000000000000000000e+00
-2.637485740706324577e-03 4.337152000516653061e-03
0.000000000000000000e+00 1.491240691393613815e-03
-1.340565504506230354e-03 0.000000000000000000e+00
1.103246700949966908e-03 0.000000000000000000e+00
-1.012230524793267250e-03 0.000000000000000000e+00
2.051861025393009186e-03 -1.092860940843820572e-03
0.000000000000000000e+00 2.223822753876447678e-03
-3.844195045530796051e-03 -1.452898373827338219e-03
2.122921869158744812e-03 1.204632222652435303e-03
-1.197285717353224754e-03 1.023682765662670135e-03
0.000000000000000000e+00 0.000000000000000000e+00
0.000000000000000000e+00 -1.317322719842195511e-03
0.000000000000000000e+00 -2.289479132741689682e-03
0.000000000000000000e+00 -2.906508045271039009e-03
-2.443853532895445824e-03 0.000000000000000000e+00
0.000000000000000000e+00 -2.011624164879322052e-03
-1.594500034116208553e-03 0.000000000000000000e+00
0.000000000000000000e+00 1.565987942740321159e-03
-1.747010275721549988e-03 0.000000000000000000e+00
0.000000000000000000e+00 0.000000000000000000e+00
0.000000000000000000e+00 -1.499396981671452522e-03
0.000000000000000000e+00 1.473145093768835068e-03
-1.435696380212903023e-03 0.000000000000000000e+00
1.398565596900880337e-03 0.000000000000000000e+00
0.000000000000000000e+00 -4.064046312123537064e-03
-1.466860412620007992e-03 0.000000000000000000e+00
0.000000000000000000e+00 2.266080584377050400e-03
0.000000000000000000e+00 0.000000000000000000e+00
-2.323797903954982758e-03 0.000000000000000000e+00
0.000000000000000000e+00 -2.366462722420692444e-03
0.000000000000000000e+00 2.171441446989774704e-03
-1.261571072973310947e-03 0.000000000000000000e+00
1.924542244523763657e-03 0.000000000000000000e+00
-1.315044239163398743e-03 -1.485423068515956402e-03
0.000000000000000000e+00 0.000000000000000000e+00
0.000000000000000000e+00 0.000000000000000000e+00
0.000000000000000000e+00 0.000000000000000000e+00
3.148921998217701912e-03 -1.694943755865097046e-03
0.000000000000000000e+00 3.031547414138913155e-03
