0.000000000000000000e+00 0.000000000000000000e+00
0.000000000000000000e+00 0.000000000000000000e+00
6.609209626913070679e-02 -1.014120101928710938e+00
1.786680102348327637e+00 1.494661439210176468e-03
6.423870921134948730e-01 -5.399659276008605957e-01
1.542935609817504883e+00 0.000000000000000000e+00
0.000000000000000000e+00 0.000000000000000000e+00
6.187708377838134766e-01 0.000000000000000000e+00
0.000000000000000000e+00 0.000000000000000000e+00
0.000000000000000000e+00 0.000000000000000000e+00
0.000000000000000000e+00 0.000000000000000000e+00
0.000000000000000000e+00 0.000000000000000000e+00
0.000000000000000000e+00 0.000000000000000000e+00
0.000000000000000000e+00 0.000000000000000000e+00
0.000000000000000000e+00 0.000000000000000000e+00
