4.209612030535936356e-03 -8.973576426506042480e-01
0.000000000000000000e+00 0.000000000000000000e+00
0.000000000000000000e+00 0.000000000000000000e+00
0.000000000000000000e+00 0.000000000000000000e+00
0.000000000000000000e+00 0.000000000000000000e+00
0.000000000000000000e+00 0.000000000000000000e+00
4.083999097347259521e-01 -5.679072141647338867e-01
0.000000000000000000e+00 0.000000000000000000e+00
0.000000000000000000e+00 0.000000000000000000e+00
9.653916954994201660e-02 -1.109846949577331543e+00
5.583698153495788574e-01 -8.135343790054321289e-01
0.000000000000000000e+00 0.000000000000000000e+00
0.000000000000000000e+00 0.000000000000000000e+00
0.000000000000000000e+00 0.000000000000000000e+00
1.059105873107910156e+00 0.000000000000000000e+00
-4.585792422294616699e-01 -4.896071851253509521e-01
1.791185617446899414e+00 -1.149393734522163868e-03
