0.000000000000000000e+00 0.000000000000000000e+00
0.000000000000000000e+00 0.000000000000000000e+00
-7.989181876182556152e-01 7.961234450340270996e-02
6.880474686622619629e-01 6.315909624099731445e-01
4.483249187469482422e-01 1.011058688163757324e+00
0.000000000000000000e+00 0.000000000000000000e+00
0.000000000000000000e+00 0.000000000000000000e+00
0.000000000000000000e+00 0.000000000000000000e+00
-3.276548981666564941e-01 7.576742768287658691e-01
0.000000000000000000e+00 0.000000000000000000e+00
-2.131521254777908325e-01 1.452033042907714844e+00
-6.969533562660217285e-01 3.224791586399078369e-01
2.374038845300674438e-01 1.748077869415283203e+00
