0.000000000000000000e+00 0.000000000000000000e+00
0.000000000000000000e+00 0.000000000000000000e+00
1.582859992980957031e+00 0.000000000000000000e+00
5.260464549064636230e-01 -4.674758911132812500e-01
1.006762862205505371e+00 0.000000000000000000e+00
0.000000000000000000e+00 0.000000000000000000e+00
0.000000000000000000e+00 0.000000000000000000e+00
8.235169053077697754e-01 0.000000000000000000e+00
-1.825856417417526245e-01 -7.436095476150512695e-01
1.199721693992614746e-01 -1.113519549369812012e+00
0.000000000000000000e+00 0.000000000000000000e+00
0.000000000000000000e+00 0.000000000000000000e+00
0.000000000000000000e+00 0.000000000000000000e+00
0.000000000000000000e+00 0.000000000000000000e+00
0.000000000000000000e+00 0.000000000000000000e+00
0.000000000000000000e+00 0.000000000000000000e+00
0.000000000000000000e+00 0.000000000000000000e+00
0.000000000000000000e+00 0.000000000000000000e+00
0.000000000000000000e+00 0.000000000000000000e+00
2.483539432287216187e-01 -1.311827301979064941e+00
0.000000000000000000e+00 0.000000000000000000e+00
