0.000000000000000000e+00 0.000000000000000000e+00
7.127044796943664551e-01 7.123018503189086914e-01
-1.638416796922683716e-01 1.401854515075683594e+00
-8.087101578712463379e-01 0.000000000000000000e+00
0.000000000000000000e+00 0.000000000000000000e+00
0.000000000000000000e+00 0.000000000000000000e+00
5.260473489761352539e-01 7.960559725761413574e-01
0.000000000000000000e+00 0.000000000000000000e+00
0.000000000000000000e+00 0.000000000000000000e+00
0.000000000000000000e+00 0.000000000000000000e+00
0.000000000000000000e+00 0.000000000000000000e+00
-3.256486356258392334e-01 7.578230500221252441e-01
0.000000000000000000e+00 0.000000000000000000e+00
-5.411145687103271484e-01 4.942398667335510254e-01
