1.255000000000000000e+03
5.370000000000000000e+02
6.070000000000000000e+02
4.010000000000000000e+02
1.924000000000000000e+03
1.048000000000000000e+03
1.263000000000000000e+03
8.680000000000000000e+02
1.415000000000000000e+03
7.900000000000000000e+01
1.957000000000000000e+03
1.973000000000000000e+03
1.013000000000000000e+03
3.420000000000000000e+02
1.778000000000000000e+03
1.910000000000000000e+03
4.120000000000000000e+02
1.163000000000000000e+03
1.787000000000000000e+03
1.705000000000000000e+03
1.849000000000000000e+03
5.170000000000000000e+02
1.532000000000000000e+03
1.135000000000000000e+03
1.610000000000000000e+03
1.834000000000000000e+03
3.400000000000000000e+01
1.810000000000000000e+03
6.190000000000000000e+02
1.644000000000000000e+03
8.160000000000000000e+02
1.506000000000000000e+03
1.372000000000000000e+03
1.160000000000000000e+02
1.691000000000000000e+03
2.730000000000000000e+02
1.360000000000000000e+03
1.247000000000000000e+03
7.570000000000000000e+02
1.253000000000000000e+03
8.000000000000000000e+02
6.800000000000000000e+02
1.110000000000000000e+02
8.030000000000000000e+02
1.846000000000000000e+03
3.720000000000000000e+02
9.300000000000000000e+02
1.190000000000000000e+03
7.510000000000000000e+02
1.626000000000000000e+03
8.260000000000000000e+02
1.548000000000000000e+03
1.010000000000000000e+02
7.050000000000000000e+02
1.880000000000000000e+02
1.440000000000000000e+02
1.665000000000000000e+03
1.987000000000000000e+03
1.784000000000000000e+03
1.790000000000000000e+02
9.350000000000000000e+02
1.649000000000000000e+03
1.037000000000000000e+03
1.712000000000000000e+03
1.438000000000000000e+03
5.730000000000000000e+02
1.425000000000000000e+03
1.682000000000000000e+03
9.700000000000000000e+01
9.610000000000000000e+02
3.150000000000000000e+02
1.121000000000000000e+03
1.350000000000000000e+03
2.340000000000000000e+02
1.585000000000000000e+03
1.577000000000000000e+03
8.530000000000000000e+02
1.495000000000000000e+03
5.560000000000000000e+02
1.334000000000000000e+03
8.820000000000000000e+02
1.047000000000000000e+03
1.603000000000000000e+03
1.364000000000000000e+03
1.744000000000000000e+03
7.280000000000000000e+02
8.990000000000000000e+02
1.963000000000000000e+03
1.932000000000000000e+03
1.441000000000000000e+03
1.815000000000000000e+03
1.818000000000000000e+03
5.780000000000000000e+02
9.950000000000000000e+02
1.633000000000000000e+03
1.130000000000000000e+03
1.869000000000000000e+03
1.855000000000000000e+03
4.250000000000000000e+02
9.300000000000000000e+01
5.720000000000000000e+02
1.100000000000000000e+03
5.670000000000000000e+02
5.010000000000000000e+02
1.632000000000000000e+03
5.980000000000000000e+02
5.610000000000000000e+02
8.590000000000000000e+02
1.355000000000000000e+03
7.320000000000000000e+02
1.929000000000000000e+03
5.130000000000000000e+02
8.300000000000000000e+01
2.540000000000000000e+02
1.385000000000000000e+03
1.005000000000000000e+03
1.150000000000000000e+02
4.360000000000000000e+02
1.085000000000000000e+03
1.001000000000000000e+03
1.442000000000000000e+03
1.761000000000000000e+03
1.146000000000000000e+03
7.090000000000000000e+02
1.870000000000000000e+03
7.750000000000000000e+02
1.409000000000000000e+03
1.620000000000000000e+03
1.511000000000000000e+03
1.541000000000000000e+03
3.750000000000000000e+02
1.687000000000000000e+03
1.435000000000000000e+03
1.823000000000000000e+03
6.100000000000000000e+01
1.497000000000000000e+03
1.662000000000000000e+03
4.540000000000000000e+02
1.943000000000000000e+03
2.900000000000000000e+01
3.340000000000000000e+02
1.713000000000000000e+03
1.269000000000000000e+03
4.950000000000000000e+02
7.200000000000000000e+01
6.480000000000000000e+02
9.400000000000000000e+01
5.510000000000000000e+02
1.772000000000000000e+03
1.235000000000000000e+03
8.200000000000000000e+02
1.262000000000000000e+03
9.730000000000000000e+02
1.365000000000000000e+03
1.491000000000000000e+03
8.060000000000000000e+02
1.209000000000000000e+03
5.190000000000000000e+02
1.888000000000000000e+03
1.578000000000000000e+03
8.600000000000000000e+02
1.854000000000000000e+03
7.500000000000000000e+02
1.902000000000000000e+03
1.605000000000000000e+03
1.960000000000000000e+03
7.870000000000000000e+02
6.000000000000000000e+02
2.850000000000000000e+02
1.935000000000000000e+03
1.011000000000000000e+03
1.440000000000000000e+03
1.075000000000000000e+03
9.790000000000000000e+02
2.710000000000000000e+02
1.840000000000000000e+03
7.830000000000000000e+02
9.540000000000000000e+02
6.420000000000000000e+02
3.200000000000000000e+01
7.670000000000000000e+02
1.561000000000000000e+03
1.630000000000000000e+03
3.370000000000000000e+02
1.027000000000000000e+03
9.360000000000000000e+02
1.804000000000000000e+03
8.580000000000000000e+02
1.295000000000000000e+03
1.417000000000000000e+03
4.210000000000000000e+02
1.098000000000000000e+03
7.600000000000000000e+01
3.900000000000000000e+01
1.215000000000000000e+03
1.291000000000000000e+03
6.530000000000000000e+02
1.965000000000000000e+03
3.990000000000000000e+02
1.010000000000000000e+03
