8.888161778450012207e-01 -2.853747308254241943e-01
1.314941525459289551e+00 1.453263219445943832e-03
8.335420489311218262e-01 -1.002868753857910633e-03
-5.568141341209411621e-01 -4.580927789211273193e-01
-1.217561587691307068e-01 -8.946214318275451660e-01
0.000000000000000000e+00 0.000000000000000000e+00
8.705725669860839844e-01 -2.866483032703399658e-01
-2.893495857715606689e-01 -9.963482022285461426e-01
-1.707816869020462036e-01 -8.864040970802307129e-01
1.927593797445297241e-01 -9.286713004112243652e-01
2.238741219043731689e-01 -8.647921085357666016e-01
7.478685975074768066e-01 -4.825744032859802246e-01
7.960064411163330078e-01 1.723231747746467590e-03
1.161358118057250977e+00 0.000000000000000000e+00
8.210028409957885742e-01 -7.745728641748428345e-02
0.000000000000000000e+00 0.000000000000000000e+00
0.000000000000000000e+00 0.000000000000000000e+00
4.834511578083038330e-01 -6.199114918708801270e-01
0.000000000000000000e+00 0.000000000000000000e+00
0.000000000000000000e+00 0.000000000000000000e+00
3.827683925628662109e-01 -6.504423022270202637e-01
1.036355495452880859e-01 -8.839443325996398926e-01
0.000000000000000000e+00 0.000000000000000000e+00
0.000000000000000000e+00 0.000000000000000000e+00
1.254111289978027344e+00 0.000000000000000000e+00
0.000000000000000000e+00 0.000000000000000000e+00
1.591929554939270020e+00 1.238608383573591709e-03
4.770074486732482910e-01 -7.337541580200195312e-01
0.000000000000000000e+00 0.000000000000000000e+00
0.000000000000000000e+00 0.000000000000000000e+00
0.000000000000000000e+00 0.000000000000000000e+00
0.000000000000000000e+00 0.000000000000000000e+00
2.009963989257812500e-01 -8.733446002006530762e-01
-4.242462217807769775e-01 -7.550206184387207031e-01
6.161925792694091797e-01 -6.542590856552124023e-01
0.000000000000000000e+00 0.000000000000000000e+00
0.000000000000000000e+00 0.000000000000000000e+00
0.000000000000000000e+00 0.000000000000000000e+00
-6.550378203392028809e-01 -7.611876130104064941e-01
0.000000000000000000e+00 0.000000000000000000e+00
0.000000000000000000e+00 0.000000000000000000e+00
0.000000000000000000e+00 0.000000000000000000e+00
0.000000000000000000e+00 0.000000000000000000e+00
0.000000000000000000e+00 0.000000000000000000e+00
0.000000000000000000e+00 0.000000000000000000e+00
0.000000000000000000e+00 0.000000000000000000e+00
-3.917613327503204346e-01 -7.459000945091247559e-01
0.000000000000000000e+00 0.000000000000000000e+00
1.994423568248748779e-02 -1.023100852966308594e+00
0.000000000000000000e+00 0.000000000000000000e+00
0.000000000000000000e+00 0.000000000000000000e+00
0.000000000000000000e+00 0.000000000000000000e+00
0.000000000000000000e+00 0.000000000000000000e+00
0.000000000000000000e+00 0.000000000000000000e+00
0.000000000000000000e+00 0.000000000000000000e+00
0.000000000000000000e+00 0.000000000000000000e+00
0.000000000000000000e+00 0.000000000000000000e+00
0.000000000000000000e+00 0.000000000000000000e+00
3.212682306766510010e-01 -8.390564322471618652e-01
0.000000000000000000e+00 0.000000000000000000e+00
0.000000000000000000e+00 0.000000000000000000e+00
0.000000000000000000e+00 0.000000000000000000e+00
6.165601015090942383e-01 -5.907296538352966309e-01
-1.162150204181671143e-01 -1.049477696418762207e+00
-1.079177334904670715e-01 -1.016582489013671875e+00
4.260928034782409668e-01 -9.203988909721374512e-01
0.000000000000000000e+00 0.000000000000000000e+00
0.000000000000000000e+00 0.000000000000000000e+00
0.000000000000000000e+00 0.000000000000000000e+00
0.000000000000000000e+00 0.000000000000000000e+00
0.000000000000000000e+00 0.000000000000000000e+00
0.000000000000000000e+00 0.000000000000000000e+00
0.000000000000000000e+00 0.000000000000000000e+00
0.000000000000000000e+00 0.000000000000000000e+00
0.000000000000000000e+00 0.000000000000000000e+00
0.000000000000000000e+00 0.000000000000000000e+00
0.000000000000000000e+00 0.000000000000000000e+00
0.000000000000000000e+00 0.000000000000000000e+00
0.000000000000000000e+00 0.000000000000000000e+00
0.000000000000000000e+00 0.000000000000000000e+00
0.000000000000000000e+00 0.000000000000000000e+00
0.000000000000000000e+00 0.000000000000000000e+00
0.000000000000000000e+00 0.000000000000000000e+00
0.000000000000000000e+00 0.000000000000000000e+00
0.000000000000000000e+00 0.000000000000000000e+00
0.000000000000000000e+00 0.000000000000000000e+00
-4.377398490905761719e-01 -6.963685154914855957e-01
0.000000000000000000e+00 0.000000000000000000e+00
0.000000000000000000e+00 0.000000000000000000e+00
-3.273566067218780518e-01 -1.048269510269165039e+00
0.000000000000000000e+00 0.000000000000000000e+00
0.000000000000000000e+00 0.000000000000000000e+00
-2.249262481927871704e-01 -1.039289951324462891e+00
0.000000000000000000e+00 0.000000000000000000e+00
0.000000000000000000e+00 0.000000000000000000e+00
0.000000000000000000e+00 0.000000000000000000e+00
0.000000000000000000e+00 0.000000000000000000e+00
0.000000000000000000e+00 0.000000000000000000e+00
0.000000000000000000e+00 0.000000000000000000e+00
0.000000000000000000e+00 0.000000000000000000e+00
0.000000000000000000e+00 0.000000000000000000e+00
0.000000000000000000e+00 0.000000000000000000e+00
