2.509112954139709473e-01 -9.455457329750061035e-01
1.558351397514343262e+00 0.000000000000000000e+00
1.940092593431472778e-01 -1.693869590759277344e+00
2.009712308645248413e-01 -1.064830064773559570e+00
-6.048984453082084656e-02 -1.356276035308837891e+00
-5.418714880943298340e-01 -8.090807795524597168e-01
4.625686630606651306e-02 -1.118271589279174805e+00
0.000000000000000000e+00 0.000000000000000000e+00
5.527049899101257324e-01 -6.831203103065490723e-01
5.088277906179428101e-02 -1.094033360481262207e+00
0.000000000000000000e+00 0.000000000000000000e+00
2.259937763214111328e+00 -2.090949058532714844e+00
