6.440843343734741211e-01 5.752847194671630859e-01
0.000000000000000000e+00 0.000000000000000000e+00
-5.880420207977294922e-01 4.344010949134826660e-01
0.000000000000000000e+00 9.536270499229431152e-01
-7.807895541191101074e-01 0.000000000000000000e+00
0.000000000000000000e+00 0.000000000000000000e+00
7.295284271240234375e-01 1.213733572512865067e-03
-7.089727520942687988e-01 0.000000000000000000e+00
-7.332377433776855469e-01 3.077379465103149414e-01
0.000000000000000000e+00 0.000000000000000000e+00
0.000000000000000000e+00 0.000000000000000000e+00
0.000000000000000000e+00 0.000000000000000000e+00
0.000000000000000000e+00 0.000000000000000000e+00
5.565150976181030273e-01 7.985595464706420898e-01
2.885827422142028809e-02 1.023313879966735840e+00
-7.486025094985961914e-01 4.779243767261505127e-01
0.000000000000000000e+00 0.000000000000000000e+00
0.000000000000000000e+00 0.000000000000000000e+00
-7.757047414779663086e-01 1.409511268138885498e-01
0.000000000000000000e+00 0.000000000000000000e+00
0.000000000000000000e+00 0.000000000000000000e+00
3.383638560771942139e-01 1.349936127662658691e+00
0.000000000000000000e+00 0.000000000000000000e+00
0.000000000000000000e+00 0.000000000000000000e+00
-7.595641016960144043e-01 0.000000000000000000e+00
-7.376489639282226562e-01 4.293265938758850098e-01
0.000000000000000000e+00 0.000000000000000000e+00
0.000000000000000000e+00 0.000000000000000000e+00
-7.873550057411193848e-01 0.000000000000000000e+00
-4.340539872646331787e-01 6.120606660842895508e-01
-6.594550609588623047e-01 2.675588428974151611e-01
0.000000000000000000e+00 0.000000000000000000e+00
-8.837862610816955566e-01 0.000000000000000000e+00
0.000000000000000000e+00 0.000000000000000000e+00
0.000000000000000000e+00 0.000000000000000000e+00
-8.851984739303588867e-01 0.000000000000000000e+00
-4.278542399406433105e-01 5.223734378814697266e-01
0.000000000000000000e+00 0.000000000000000000e+00
0.000000000000000000e+00 0.000000000000000000e+00
0.000000000000000000e+00 0.000000000000000000e+00
0.000000000000000000e+00 0.000000000000000000e+00
0.000000000000000000e+00 0.000000000000000000e+00
1.738462783396244049e-02 2.030310869216918945e+00
-8.311416506767272949e-01 2.098388820886611938e-01
0.000000000000000000e+00 0.000000000000000000e+00
-2.231532782316207886e-01 6.145206689834594727e-01
-5.531046390533447266e-01 4.340088963508605957e-01
0.000000000000000000e+00 0.000000000000000000e+00
0.000000000000000000e+00 0.000000000000000000e+00
-7.815474271774291992e-01 3.156548142433166504e-01
0.000000000000000000e+00 0.000000000000000000e+00
0.000000000000000000e+00 0.000000000000000000e+00
0.000000000000000000e+00 0.000000000000000000e+00
0.000000000000000000e+00 0.000000000000000000e+00
0.000000000000000000e+00 0.000000000000000000e+00
0.000000000000000000e+00 0.000000000000000000e+00
0.000000000000000000e+00 0.000000000000000000e+00
-6.440685391426086426e-01 6.198715567588806152e-01
0.000000000000000000e+00 0.000000000000000000e+00
-3.467775285243988037e-01 8.411389589309692383e-01
0.000000000000000000e+00 0.000000000000000000e+00
0.000000000000000000e+00 0.000000000000000000e+00
0.000000000000000000e+00 0.000000000000000000e+00
0.000000000000000000e+00 0.000000000000000000e+00
0.000000000000000000e+00 0.000000000000000000e+00
0.000000000000000000e+00 0.000000000000000000e+00
0.000000000000000000e+00 0.000000000000000000e+00
0.000000000000000000e+00 0.000000000000000000e+00
0.000000000000000000e+00 0.000000000000000000e+00
0.000000000000000000e+00 0.000000000000000000e+00
